Function=0.1*x**2+4000*y**2+0.1*x*y-y
Vars=x y
Point=10000000000 10000000000
Eps1=0.00001
Eps2=0.00001
Eps3=0.00001
MaxIter=2





