Function=1*x**2+4*y**2+0.001*x*y-1*y
Vars=x y
Point=10000000 5000000
Eps1=0.00001
Eps2=0.00001
Eps3=0.00001
MaxIter=20000





