#0       x: [  1.00000000e+07   1.00000000e+01]
f: 100000000100390.0
grad: [[  2.00000000e+07   1.00790000e+04]]

#1       x: [ -6.25010580e-05   1.25000008e-01]
f: -0.06250000390625024
grad: [[ -2.10815210e-09   1.23701049e-12]]

