#0       x: [ 10.]
f: 0.704041030906696
grad: [[-0.91294525]]

#1       x: [-4.71238898]
f: 3.3407565953753735e-18
grad: [[  3.65554734e-09]]

