#0       x: [ 100. -100.]
f: 50090.0
grad: [[ 199.9 -800.9]]

#1       x: [ 73.86130827   4.7247534 ]
f: 5540.410261536499
grad: [[ 147.7273413    36.87188853]]

#2       x: [ -6.25000039e-05   1.25000008e-01]
f: -0.06250000390625025
grad: [[ -2.89519385e-14  -1.32005518e-13]]

